cliques.size.2 <- list(
  g1 = matrix(c(0, 1, 1, 0), ncol = 2, byrow = TRUE)
)

cliques.size.3 <- list(
  g1 = matrix(c(0, 1, 1, 1, 0, 1, 1, 1, 0), ncol = 3, byrow = TRUE),
  g2 = matrix(c(0, 1, 0, 1, 0, 1, 0, 1, 0), ncol = 3, byrow = TRUE)
)

cliques.size.4 <- list(
  g1 = matrix(c(0, 1, 0, 0, 1, 0, 1, 0, 0, 1, 0, 1, 0, 0, 1, 0), ncol = 4, byrow = TRUE),
  g2 = matrix(c(0, 0, 0, 1, 0, 0, 0, 1, 0, 0, 0, 1, 1, 1, 1, 0), ncol = 4, byrow = TRUE),
  g3 = matrix(c(0, 1, 1, 0, 1, 0, 0, 1, 1, 0, 0, 1, 0, 1, 1, 0), ncol = 4, byrow = TRUE),
  g4 = matrix(c(0, 1, 1, 0, 1, 0, 1, 0, 1, 1, 0, 1, 0, 0, 1, 0), ncol = 4, byrow = TRUE),
  g5 = matrix(c(0, 1, 1, 1, 1, 0, 0, 1, 1, 0, 0, 1, 1, 1, 1, 0), ncol = 4, byrow = TRUE),
  g6 = matrix(c(0, 1, 1, 1, 1, 0, 1, 1, 1, 1, 0, 1, 1, 1, 1, 0), ncol = 4, byrow = TRUE)
)

cliques.size.5 <- list(
  g1  = matrix(c(0, 1, 0, 0, 0, 1, 0, 1, 0, 0, 0, 1, 0, 1, 0, 0, 0, 1, 0, 1, 0, 0, 0, 1, 0), ncol = 5, byrow = TRUE),
  g2  = matrix(c(0, 1, 0, 0, 0, 1, 0, 1, 0, 0, 0, 1, 0, 1, 1, 0, 0, 1, 0, 0, 0, 0, 1, 0, 0), ncol = 5, byrow = TRUE),
  g3  = matrix(c(0, 1, 0, 0, 0, 1, 0, 1, 1, 1, 0, 1, 0, 0, 0, 0, 1, 0, 0, 0, 0, 1, 0, 0, 0), ncol = 5, byrow = TRUE),
  g4  = matrix(c(0, 1, 1, 0, 0, 1, 0, 1, 1, 0, 1, 1, 0, 0, 1, 0, 1, 0, 0, 0, 0, 0, 1, 0, 0), ncol = 5, byrow = TRUE),
  g5  = matrix(c(0, 1, 1, 0, 0, 1, 0, 1, 0, 0, 1, 1, 0, 1, 0, 0, 0, 1, 0, 1, 0, 0, 0, 1, 0), ncol = 5, byrow = TRUE),
  g6  = matrix(c(0, 1, 1, 0, 0, 1, 0, 1, 0, 0, 1, 1, 0, 1, 1, 0, 0, 1, 0, 0, 0, 0, 1, 0, 0), ncol = 5, byrow = TRUE),
  g7  = matrix(c(0, 1, 1, 0, 0, 1, 0, 0, 1, 0, 1, 0, 0, 0, 1, 0, 1, 0, 0, 1, 0, 0, 1, 1, 0), ncol = 5, byrow = TRUE),
  g8  = matrix(c(0, 1, 1, 0, 0, 1, 0, 0, 1, 0, 1, 0, 0, 1, 0, 0, 1, 1, 0, 1, 0, 0, 0, 1, 0), ncol = 5, byrow = TRUE),
  g9  = matrix(c(0, 1, 1, 1, 0, 1, 0, 0, 1, 0, 1, 0, 0, 1, 0, 1, 1, 1, 0, 1, 0, 0, 0, 1, 0), ncol = 5, byrow = TRUE),
  g10 = matrix(c(0, 1, 1, 0, 0, 1, 0, 1, 0, 0, 1, 1, 0, 1, 1, 0, 0, 1, 0, 1, 0, 0, 1, 1, 0), ncol = 5, byrow = TRUE),
  g11 = matrix(c(0, 1, 1, 0, 0, 1, 0, 1, 1, 0, 1, 1, 0, 1, 0, 0, 1, 1, 0, 1, 0, 0, 0, 1, 0), ncol = 5, byrow = TRUE),
  g12 = matrix(c(0, 1, 1, 1, 0, 1, 0, 0, 0, 1, 1, 0, 0, 0, 1, 1, 0, 0, 0, 1, 0, 1, 1, 1, 0), ncol = 5, byrow = TRUE),
  g13 = matrix(c(0, 1, 1, 0, 0, 1, 0, 1, 1, 0, 1, 1, 0, 0, 1, 0, 1, 0, 0, 1, 0, 0, 1, 1, 0), ncol = 5, byrow = TRUE),
  g14 = matrix(c(0, 1, 1, 0, 0, 1, 0, 1, 1, 1, 1, 1, 0, 1, 1, 0, 1, 1, 0, 0, 0, 1, 1, 0, 0), ncol = 5, byrow = TRUE),
  g15 = matrix(c(0, 1, 1, 1, 0, 1, 0, 1, 1, 1, 1, 1, 0, 1, 0, 1, 1, 1, 0, 0, 0, 1, 0, 0, 0), ncol = 5, byrow = TRUE),
  g16 = matrix(c(0, 1, 1, 0, 0, 1, 0, 1, 1, 1, 1, 1, 0, 1, 0, 0, 1, 1, 0, 1, 0, 1, 0, 1, 0), ncol = 5, byrow = TRUE),
  g17 = matrix(c(0, 1, 1, 1, 0, 1, 0, 1, 0, 1, 1, 1, 0, 0, 1, 1, 0, 0, 0, 1, 0, 1, 1, 1, 0), ncol = 5, byrow = TRUE),
  g18 = matrix(c(0, 1, 1, 0, 0, 1, 0, 1, 1, 1, 1, 1, 0, 1, 1, 0, 1, 1, 0, 1, 0, 1, 1, 1, 0), ncol = 5, byrow = TRUE),
  g19 = matrix(c(0, 1, 1, 1, 0, 1, 0, 1, 0, 1, 1, 1, 0, 1, 1, 1, 0, 1, 0, 1, 0, 1, 1, 1, 0), ncol = 5, byrow = TRUE),
  g20 = matrix(c(0, 1, 1, 1, 0, 1, 0, 1, 1, 1, 1, 1, 0, 1, 1, 1, 1, 1, 0, 1, 0, 1, 1, 1, 0), ncol = 5, byrow = TRUE),
  g21 = matrix(c(0, 1, 1, 1, 1, 1, 0, 1, 1, 1, 1, 1, 0, 1, 1, 1, 1, 1, 0, 1, 1, 1, 1, 1, 0), ncol = 5, byrow = TRUE)
)
plot(graph.adjacency(cliques.size.5$g6, weighted = TRUE, mode = "undirected"))

# health checks
for (num in c("2", "3", "4", "5")) {
  healthy <- TRUE
  print(paste0("Health checks for Cliques of size ", num))
  print("Check symmetry")
  for (g in names(eval(parse(text = paste("cliques.size.", num, sep = ""))))) {
    if (!(isSymmetric(eval(parse(text = paste("cliques.size.", num, sep = "")))[[g]]))) {
      print(paste("Graph ", g, " is not symmetric!"))
      healthy <- FALSE
    }
  }
  print("Check all diagonals are zero")
  for (g in names(eval(parse(text = paste("cliques.size.", num, sep = ""))))) {
    if (!(all(diag(eval(parse(text = paste("cliques.size.", num, sep = "")))[[g]]) == 0))) {
      print(paste("Graph ", g, " has non-zero elements on it's diagonal!"))
      healthy <- FALSE
    }
  }
  if (healthy == TRUE) {
    print("Health checks Passed")
  } else {
    print("Health checks Failed")
  }
}
